Covariance:
    1.59e+11   -3.39e+11    4.94e+10     1.6e+10   -3.79e+10     5.2e+09
   -3.39e+11    7.22e+11   -1.05e+11   -3.41e+10    8.07e+10   -1.11e+10
    4.94e+10   -1.05e+11    1.54e+10    4.97e+09   -1.18e+10    1.62e+09
     1.6e+10   -3.41e+10    4.97e+09     1.8e+09   -4.22e+09    5.83e+08
   -3.79e+10    8.07e+10   -1.18e+10   -4.22e+09    9.91e+09   -1.37e+09
     5.2e+09   -1.11e+10    1.62e+09    5.83e+08   -1.37e+09    1.89e+08
Correlation:
 1.0000000 -1.0000280  0.9999726  0.9447623 -0.9546640  0.9490843 
-0.9999720  1.0000000 -0.9999446 -0.9447367  0.9546380 -0.9490585 
 1.0000274 -1.0000554  1.0000000  0.9447885 -0.9546904  0.9491106 
 0.9446933 -0.9447207  0.9446678  1.0000000 -0.9995620  0.9998893 
-0.9544747  0.9545023 -0.9544489 -0.9994491  1.0000000 -0.9997627 
 0.9490560 -0.9490834  0.9490303  0.9999281 -0.9999153  1.0000000 

      0.41864   -0.8921339     0.130121   0.04210581  -0.09973086   0.01367946
Len = 3.8e+11; Delta = 1.08
     0.418634   -0.8921211    0.1301191    0.0421605  -0.09984724   0.01369644
Len = 9.08e+11; Delta = 0.00013
     0.418634   -0.8921211    0.1301191   0.04216056  -0.09984737   0.01369646
Len = 9.08e+11; Delta = 1.55e-07
     0.418634   -0.8921211    0.1301191   0.04216056  -0.09984737   0.01369646
Len = 9.08e+11; Delta = 1.84e-10
    -1.258306      1.24573   0.09954526  -0.01230523 -0.007454817-0.0003251065